	Algorithm used: BFS
	Depth level: 16
	Required time in millisecs: 0.3953154

	Init State 	Goal State
	8 3 2		1 2 3
	1 0 4		8 0 4
	7 6 5		7 6 5

	 Path Trace:

<=== n ===>
	8 3 2 
	1 0 4 
	7 6 5 
<=== UP ===>
	8 0 2 
	1 3 4 
	7 6 5 
<=== LEFT ===>
	0 8 2 
	1 3 4 
	7 6 5 
<=== DOWN ===>
	1 8 2 
	0 3 4 
	7 6 5 
<=== DOWN ===>
	1 8 2 
	7 3 4 
	0 6 5 
<=== RIGHT ===>
	1 8 2 
	7 3 4 
	6 0 5 
<=== RIGHT ===>
	1 8 2 
	7 3 4 
	6 5 0 
<=== UP ===>
	1 8 2 
	7 3 0 
	6 5 4 
<=== LEFT ===>
	1 8 2 
	7 0 3 
	6 5 4 
<=== UP ===>
	1 0 2 
	7 8 3 
	6 5 4 
<=== RIGHT ===>
	1 2 0 
	7 8 3 
	6 5 4 
<=== DOWN ===>
	1 2 3 
	7 8 0 
	6 5 4 
<=== DOWN ===>
	1 2 3 
	7 8 4 
	6 5 0 
<=== LEFT ===>
	1 2 3 
	7 8 4 
	6 0 5 
<=== LEFT ===>
	1 2 3 
	7 8 4 
	0 6 5 
<=== UP ===>
	1 2 3 
	0 8 4 
	7 6 5 
<=== RIGHT ===>
	1 2 3 
	8 0 4 
	7 6 5 
